{"schema_version": 1, "t": 0.0, "robot_id": "sample", "world_link_pos": [0.0, 0.0, 0.0], "world_link_rot": [1.0, 0.0, 0.0, 0.0, 1.0, 0.0, 0.0, 0.0, 1.0], "world_link_vel": [0.0, 0.0, 0.0, 0.0, 0.0, 0.0], "world_link_acc": [0.0, 0.0, 0.0, 0.0, 0.0, 0.0], "base_link_pos": [0.0, 0.0, 0.0], "base_link_rot": [1.0, 0.0, 0.0, 0.0, 1.0, 0.0, 0.0, 0.0, 1.0], "base_link_vel": [0.0, 0.0, 0.0, 0.0, 0.0, 0.0], "base_link_acc": [0.0, 0.0, 0.0, 0.0, 0.0, 0.0], "root_joint_pos": [0.0, 0.0, 0.0], "root_joint_rot": [1.0, 0.0, 0.0, 0.0, 1.0, 0.0, 0.0, 0.0, 1.0], "root_joint_vel": [0.0, 0.0, 0.0, 0.0, 0.0, 0.0], "root_joint_acc": [0.0, 0.0, 0.0, 0.0, 0.0, 0.0], "arm1_link_pos": [1.0, 1.0, 0.0], "arm1_link_rot": [0.7927354742720893, -0.6095658027076368, 0.0, 0.6095658027076368, 0.7927354742720893, 0.0, 0.0, 0.0, 1.0], "arm1_link_vel": [0.0, 0.0, 0.8286166612002656, 0.0, 0.0, 0.0], "arm1_link_acc": [0.0, 0.0, 0.8242303954513028, 0.0, 0.0, 0.0], "joint1_joint_pos": [0.0, 0.0, 0.0], "joint1_joint_rot": [0.7927354742720893, -0.6095658027076368, 0.0, 0.6095658027076368, 0.7927354742720893, 0.0, 0.0, 0.0, 1.0], "joint1_joint_vel": [0.0, 0.0, 0.8286166612002656, 0.0, 0.0, 0.0], "joint1_joint_acc": [0.0, 0.0, 0.8242303954513028, 0.0, 0.0, 0.0], "arm2_link_pos": [1.1831696715644524, 2.4023012769797263, 0.0], "arm2_link_rot": [0.14509493839813828, -0.98941773728352, 0.0, 0.98941773728352, 0.1450949383981383, 0.0, 0.0, 0.0, 1.0], "arm2_link_vel": [0.0, 0.0, 1.5502808905585144, -0.01842470197566562, 1.171696066731667, 0.0], "arm2_link_acc": [0.0, 0.0, 1.3007723128453426, 0.8272439678563094, 1.1787901653530888, 0.0], "joint2_joint_pos": [0.0, 0.0, 0.0], "joint2_joint_rot": [0.7181371220459303, -0.6959016266251924, 0.0, 0.6959016266251924, 0.7181371220459303, 0.0, 0.0, 0.0, 1.0], "joint2_joint_vel": [0.0, 0.0, 0.7216642293582489, 0.0, 0.0, 0.0], "joint2_joint_acc": [0.0, 0.0, 0.4765419173940397, 0.0, 0.0, 0.0], "arm3_link_pos": [0.33884687267907065, 3.536813952661385, 0.0], "arm3_link_rot": [-0.2874245055054139, -0.95780329589899, 0.0, 0.95780329589899, -0.2874245055054139, 0.0, 0.0, 0.0, 1.0], "arm3_link_vel": [0.0, 0.0, 2.225225508624787, -0.26882695840502246, 3.130132242973359, 0.0], "arm3_link_acc": [0.0, 0.0, 1.9228882790587447, 2.7334023578492785, 2.628307718707774, 0.0], "joint3_joint_pos": [0.0, 0.0, 0.0], "joint3_joint_rot": [0.905963728870653, -0.423355314092999, 0.0, 0.423355314092999, 0.905963728870653, 0.0, 0.0, 0.0, 1.0], "joint3_joint_vel": [0.0, 0.0, 0.6749446180662729, 0.0, 0.0, 0.0], "joint3_joint_acc": [0.0, 0.0, 0.6221159662134021, 0.0, 0.0, 0.0], "end_link_pos": [-0.9063809287253334, 4.207192743054961, 0.0], "end_link_rot": [-0.4335111671832233, -0.9011481942097201, 0.0, 0.9011481942097201, -0.43351116718322336, 0.0, 0.0, 0.0, 1.0], "end_link_vel": [0.0, 0.0, 2.9349438686612825, -1.6268956940317376, 5.679204588376864, 0.0], "end_link_acc": [0.0, 0.0, 2.257446994703081, 5.542126051898132, 5.523357831081555, 0.0], "joint4_joint_pos": [0.0, 0.0, 0.0], "joint4_joint_rot": [0.9877244433662059, -0.15620635062928392, 0.0, 0.15620635062928392, 0.9877244433662059, 0.0, 0.0, 0.0, 1.0], "joint4_joint_vel": [0.0, 0.0, 0.7097183600364955, 0.0, 0.0, 0.0], "joint4_joint_acc": [0.0, 0.0, 0.33455871564433637, 0.0, 0.0, 0.0]}
{"schema_version": 1, "t": 0.01, "robot_id": "sample", "world_link_pos": [0.0, 0.0, 0.0], "world_link_rot": [1.0, 0.0, 0.0, 0.0, 1.0, 0.0, 0.0, 0.0, 1.0], "world_link_vel": [0.0, 0.0, 0.0, 0.0, 0.0, 0.0], "world_link_acc": [0.0, 0.0, 0.0, 0.0, 0.0, 0.0], "base_link_pos": [0.0, 0.0, 0.0], "base_link_rot": [1.0, 0.0, 0.0, 0.0, 1.0, 0.0, 0.0, 0.0, 1.0], "base_link_vel": [0.0, 0.0, 0.0, 0.0, 0.0, 0.0], "base_link_acc": [0.0, 0.0, 0.0, 0.0, 0.0, 0.0], "root_joint_pos": [0.0, 0.0, 0.0], "root_joint_rot": [1.0, 0.0, 0.0, 0.0, 1.0, 0.0, 0.0, 0.0, 1.0], "root_joint_vel": [0.0, 0.0, 0.0, 0.0, 0.0, 0.0], "root_joint_acc": [0.0, 0.0, 0.0, 0.0, 0.0, 0.0], "arm1_link_pos": [1.0, 1.0, 0.0], "arm1_link_rot": [0.7444003129285233, -0.6677336101409878, 0.0, 0.6677336101409878, 0.7444003129285233, 0.0, 0.0, 0.0, 1.0], "arm1_link_vel": [0.0, 0.0, 0.7560763458202422, 0.0, 0.0, 0.0], "arm1_link_acc": [0.0, 0.0, 0.2292463453241368, 0.0, 0.0, 0.0], "joint1_joint_pos": [0.0, 0.0, 0.0], "joint1_joint_rot": [0.7444003129285233, -0.6677336101409878, 0.0, 0.6677336101409878, 0.7444003129285233, 0.0, 0.0, 0.0, 1.0], "joint1_joint_vel": [0.0, 0.0, 0.7560763458202422, 0.0, 0.0, 0.0], "joint1_joint_acc": [0.0, 0.0, 0.2292463453241368, 0.0, 0.0, 0.0], "arm2_link_pos": [1.0766667027875356, 2.412133923069511, 0.0], "arm2_link_rot": [0.19709006007887603, -0.9803853875992364, 0.0, 0.9803853875992365, 0.19709006007887603, 0.0, 0.0, 0.0, 1.0], "arm2_link_vel": [0.0, 0.0, 1.7177993935627907, -0.15360042133228843, 1.0581634051432343, 0.0], "arm2_link_acc": [0.0, 0.0, 0.6235170771881099, 0.971087675191776, 0.46856180414174553, 0.0], "joint2_joint_pos": [0.0, 0.0, 0.0], "joint2_joint_rot": [0.8013501765889265, -0.5981955319800512, 0.0, 0.5981955319800512, 0.8013501765889265, 0.0, 0.0, 0.0, 1.0], "joint2_joint_vel": [0.0, 0.0, 0.9617230477425486, 0.0, 0.0, 0.0], "joint2_joint_acc": [0.0, 0.0, 0.3942707318639731, 0.0, 0.0, 0.0], "arm3_link_pos": [0.29337137526717516, 3.5896093707476235, 0.0], "arm3_link_rot": [-0.6667266915008518, -0.7453023003052708, 0.0, 0.7453023003052709, -0.666726691500852, 0.0, 0.0, 0.0, 1.0], "arm3_link_vel": [0.0, 0.0, 1.8044884917304351, 1.1007821630335304, 3.1617060831988075, 0.0], "arm3_link_acc": [0.0, 0.0, 0.9570879696777282, 1.3566306400680836, 0.2807889036122042, 0.0], "joint3_joint_pos": [0.0, 0.0, 0.0], "joint3_joint_rot": [0.5992782808792922, -0.8005407810139095, 0.0, 0.8005407810139095, 0.5992782808792922, 0.0, 0.0, 0.0, 1.0], "joint3_joint_vel": [0.0, 0.0, 0.08668909816764447, 0.0, 0.0, 0.0], "joint3_joint_acc": [0.0, 0.0, 0.33357089248961835, 0.0, 0.0, 0.0], "end_link_pos": [-1.1186576165389475, 3.6681849795520423, 0.0], "end_link_rot": [-0.9818695838945732, -0.18955769628980446, 0.0, 0.1895576962898045, -0.9818695838945735, 0.0, 0.0, 0.0, 1.0], "end_link_vel": [0.0, 0.0, 2.2442249818123807, 2.446474955044569, 4.3787043114880895, 0.0], "end_link_acc": [0.0, 0.0, 1.0048653219734947, 2.9928973325908244, -0.3324434711335329, 0.0], "joint4_joint_pos": [0.0, 0.0, 0.0], "joint4_joint_rot": [0.795916446240706, -0.6054064837805798, 0.0, 0.6054064837805798, 0.795916446240706, 0.0, 0.0, 0.0, 1.0], "joint4_joint_vel": [0.0, 0.0, 0.4397364900819456, 0.0, 0.0, 0.0], "joint4_joint_acc": [0.0, 0.0, 0.047777352295766295, 0.0, 0.0, 0.0]}
{"schema_version": 1, "t": 0.02, "robot_id": "sample", "world_link_pos": [0.0, 0.0, 0.0], "world_link_rot": [1.0, 0.0, 0.0, 0.0, 1.0, 0.0, 0.0, 0.0, 1.0], "world_link_vel": [0.0, 0.0, 0.0, 0.0, 0.0, 0.0], "world_link_acc": [0.0, 0.0, 0.0, 0.0, 0.0, 0.0], "base_link_pos": [0.0, 0.0, 0.0], "base_link_rot": [1.0, 0.0, 0.0, 0.0, 1.0, 0.0, 0.0, 0.0, 1.0], "base_link_vel": [0.0, 0.0, 0.0, 0.0, 0.0, 0.0], "base_link_acc": [0.0, 0.0, 0.0, 0.0, 0.0, 0.0], "root_joint_pos": [0.0, 0.0, 0.0], "root_joint_rot": [1.0, 0.0, 0.0, 0.0, 1.0, 0.0, 0.0, 0.0, 1.0], "root_joint_vel": [0.0, 0.0, 0.0, 0.0, 0.0, 0.0], "root_joint_acc": [0.0, 0.0, 0.0, 0.0, 0.0, 0.0], "arm1_link_pos": [1.0, 1.0, 0.0], "arm1_link_rot": [0.6954384380136253, -0.7185856796048535, 0.0, 0.7185856796048535, 0.6954384380136253, 0.0, 0.0, 0.0, 1.0], "arm1_link_vel": [0.0, 0.0, 0.6732213672642683, 0.0, 0.0, 0.0], "arm1_link_acc": [0.0, 0.0, 0.09890827752690157, 0.0, 0.0, 0.0], "joint1_joint_pos": [0.0, 0.0, 0.0], "joint1_joint_rot": [0.6954384380136253, -0.7185856796048535, 0.0, 0.7185856796048535, 0.6954384380136253, 0.0, 0.0, 0.0, 1.0], "joint1_joint_vel": [0.0, 0.0, 0.6732213672642683, 0.0, 0.0, 0.0], "joint1_joint_acc": [0.0, 0.0, 0.09890827752690157, 0.0, 0.0, 0.0], "arm2_link_pos": [0.9768527584087717, 2.414024117618479, 0.0], "arm2_link_rot": [-0.16039629973281638, -0.9870526971909963, 0.0, 0.9870526971909963, -0.16039629973281644, 0.0, 0.0, 0.0, 1.0], "arm2_link_vel": [0.0, 0.0, 0.8781082356148903, 0.1373080010001779, 0.942125539163267, 0.0], "arm2_link_acc": [0.0, 0.0, 0.6364139023203881, 0.21320215610681453, 0.11028251063987839, 0.0], "joint2_joint_pos": [0.0, 0.0, 0.0], "joint2_joint_rot": [0.5977361810674406, -0.8016928700212519, 0.0, 0.8016928700212519, 0.5977361810674406, 0.0, 0.0, 0.0, 1.0], "joint2_joint_vel": [0.0, 0.0, 0.20488686835062198, 0.0, 0.0, 0.0], "joint2_joint_acc": [0.0, 0.0, 0.5375056247934865, 0.0, 0.0, 0.0], "arm3_link_pos": [-0.1705962385150409, 3.240680515076659, 0.0], "arm3_link_rot": [-0.9081400561666264, -0.4186665001951753, 0.0, 0.41866650019517526, -0.9081400561666264, 0.0, 0.0, 0.0, 1.0], "arm3_link_vel": [0.0, 0.0, 0.8973650198349904, 1.0953522777536269, 1.6316370215425653, 0.0], "arm3_link_acc": [0.0, 0.0, 1.5609121022755827, 0.41406628439838267, 0.7471814670847363, 0.0], "joint3_joint_pos": [0.0, 0.0, 0.0], "joint3_joint_rot": [0.5589082028894414, -0.8292295344130568, 0.0, 0.8292295344130568, 0.5589082028894414, 0.0, 0.0, 0.0, 1.0], "joint3_joint_vel": [0.0, 0.0, 0.01925678422010013, 0.0, 0.0, 0.0], "joint3_joint_acc": [0.0, 0.0, 0.9244981999551947, 0.0, 0.0, 0.0], "end_link_pos": [-1.4974027948768427, 2.7512069591052075, 0.0], "end_link_rot": [-0.9900177547976161, 0.14094270178156515, 0.0, -0.1409427017815652, -0.9900177547976161, 0.0, 0.0, 0.0, 1.0], "end_link_vel": [0.0, 0.0, 0.9778478390155366, 1.5382630885612882, 2.0171259132636887, 0.0], "end_link_acc": [0.0, 0.0, 2.1922219668035923, 0.4510183746893036, 2.437293348665411, 0.0], "joint4_joint_pos": [0.0, 0.0, 0.0], "joint4_joint_rot": [0.8400667917649243, -0.5424829816443898, 0.0, 0.5424829816443898, 0.8400667917649243, 0.0, 0.0, 0.0, 1.0], "joint4_joint_vel": [0.0, 0.0, 0.08048281918054623, 0.0, 0.0, 0.0], "joint4_joint_acc": [0.0, 0.0, 0.6313098645280096, 0.0, 0.0, 0.0]}
{"schema_version": 1, "t": 0.03, "robot_id": "sample", "world_link_pos": [0.0, 0.0, 0.0], "world_link_rot": [1.0, 0.0, 0.0, 0.0, 1.0, 0.0, 0.0, 0.0, 1.0], "world_link_vel": [0.0, 0.0, 0.0, 0.0, 0.0, 0.0], "world_link_acc": [0.0, 0.0, 0.0, 0.0, 0.0, 0.0], "base_link_pos": [0.0, 0.0, 0.0], "base_link_rot": [1.0, 0.0, 0.0, 0.0, 1.0, 0.0, 0.0, 0.0, 1.0], "base_link_vel": [0.0, 0.0, 0.0, 0.0, 0.0, 0.0], "base_link_acc": [0.0, 0.0, 0.0, 0.0, 0.0, 0.0], "root_joint_pos": [0.0, 0.0, 0.0], "root_joint_rot": [1.0, 0.0, 0.0, 0.0, 1.0, 0.0, 0.0, 0.0, 1.0], "root_joint_vel": [0.0, 0.0, 0.0, 0.0, 0.0, 0.0], "root_joint_acc": [0.0, 0.0, 0.0, 0.0, 0.0, 0.0], "arm1_link_pos": [1.0, 1.0, 0.0], "arm1_link_rot": [0.9146122448167815, -0.40433209324911107, 0.0, 0.40433209324911107, 0.9146122448167815, 0.0, 0.0, 0.0, 1.0], "arm1_link_vel": [0.0, 0.0, 0.143089215413174, 0.0, 0.0, 0.0], "arm1_link_acc": [0.0, 0.0, 0.19116661139351476, 0.0, 0.0, 0.0], "joint1_joint_pos": [0.0, 0.0, 0.0], "joint1_joint_rot": [0.9146122448167815, -0.40433209324911107, 0.0, 0.40433209324911107, 0.9146122448167815, 0.0, 0.0, 0.0, 1.0], "joint1_joint_vel": [0.0, 0.0, 0.143089215413174, 0.0, 0.0, 0.0], "joint1_joint_acc": [0.0, 0.0, 0.19116661139351476, 0.0, 0.0, 0.0], "arm2_link_pos": [1.5102801515676705, 2.3189443380658927, 0.0], "arm2_link_rot": [0.23448960671646935, -0.972118626681927, 0.0, 0.972118626681927, 0.2344896067164693, 0.0, 0.0, 0.0, 1.0], "arm2_link_vel": [0.0, 0.0, 0.574061988046848, 0.026725359578891928, 0.20058614680604028, 0.0], "arm2_link_acc": [0.0, 0.0, 0.4656318388683395, 0.12215213983489856, 0.25646437619798, 0.0], "joint2_joint_pos": [0.0, 0.0, 0.0], "joint2_joint_rot": [0.6075258247979088, -0.794299925848933, 0.0, 0.794299925848933, 0.6075258247979088, 0.0, 0.0, 0.0, 1.0], "joint2_joint_vel": [0.0, 0.0, 0.43097277263367406, 0.0, 0.0, 0.0], "joint2_joint_acc": [0.0, 0.0, 0.2744652274748247, 0.0, 0.0, 0.0], "arm3_link_pos": [0.7726511316022129, 3.525552571464289, 0.0], "arm3_link_rot": [-0.09105744546731082, -0.9958456414650655, 0.0, 0.9958456414650655, -0.09105744546731089, 0.0, 0.0, 0.0, 1.0], "arm3_link_vel": [0.0, 0.0, 1.2655355694618193, -0.2687158429788728, 0.9096421897789713, 0.0], "arm3_link_acc": [0.0, 0.0, 0.6992392852211331, 0.5363512679694183, 0.9800508372675804, 0.0], "joint3_joint_pos": [0.0, 0.0, 0.0], "joint3_joint_rot": [0.9467280727919659, -0.32203409165429997, 0.0, 0.32203409165429997, 0.9467280727919659, 0.0, 0.0, 0.0, 1.0], "joint3_joint_vel": [0.0, 0.0, 0.6914735814149712, 0.0, 0.0, 0.0], "joint3_joint_acc": [0.0, 0.0, 0.23360744635279362, 0.0, 0.0, 0.0], "end_link_pos": [-0.3142519553301635, 4.430340767462043, 0.0], "end_link_rot": [-0.8681233643764571, -0.49634849070355924, 0.0, 0.4963484907035592, -0.8681233643764571, 0.0, 0.0, 0.0, 1.0], "end_link_vel": [0.0, 0.0, 1.5850100015572783, 0.9025271215806779, 2.5041506495583175, 0.0], "end_link_acc": [0.0, 0.0, 1.5465699010233394, 2.0824996743012165, 0.8079199467912874, 0.0], "joint4_joint_pos": [0.0, 0.0, 0.0], "joint4_joint_rot": [0.5733355770255106, -0.8193206430432622, 0.0, 0.8193206430432622, 0.5733355770255106, 0.0, 0.0, 0.0, 1.0], "joint4_joint_vel": [0.0, 0.0, 0.3194744320954591, 0.0, 0.0, 0.0], "joint4_joint_acc": [0.0, 0.0, 0.8473306158022064, 0.0, 0.0, 0.0]}
{"schema_version": 1, "t": 0.04, "robot_id": "sample", "world_link_pos": [0.0, 0.0, 0.0], "world_link_rot": [1.0, 0.0, 0.0, 0.0, 1.0, 0.0, 0.0, 0.0, 1.0], "world_link_vel": [0.0, 0.0, 0.0, 0.0, 0.0, 0.0], "world_link_acc": [0.0, 0.0, 0.0, 0.0, 0.0, 0.0], "base_link_pos": [0.0, 0.0, 0.0], "base_link_rot": [1.0, 0.0, 0.0, 0.0, 1.0, 0.0, 0.0, 0.0, 1.0], "base_link_vel": [0.0, 0.0, 0.0, 0.0, 0.0, 0.0], "base_link_acc": [0.0, 0.0, 0.0, 0.0, 0.0, 0.0], "root_joint_pos": [0.0, 0.0, 0.0], "root_joint_rot": [1.0, 0.0, 0.0, 0.0, 1.0, 0.0, 0.0, 0.0, 1.0], "root_joint_vel": [0.0, 0.0, 0.0, 0.0, 0.0, 0.0], "root_joint_acc": [0.0, 0.0, 0.0, 0.0, 0.0, 0.0], "arm1_link_pos": [1.0, 1.0, 0.0], "arm1_link_rot": [0.597077017099542, -0.8021839163505544, 0.0, 0.8021839163505544, 0.597077017099542, 0.0, 0.0, 0.0, 1.0], "arm1_link_vel": [0.0, 0.0, 0.7551659648092062, 0.0, 0.0, 0.0], "arm1_link_acc": [0.0, 0.0, 0.9480853923385393, 0.0, 0.0, 0.0], "joint1_joint_pos": [0.0, 0.0, 0.0], "joint1_joint_rot": [0.597077017099542, -0.8021839163505544, 0.0, 0.8021839163505544, 0.597077017099542, 0.0, 0.0, 0.0, 1.0], "joint1_joint_vel": [0.0, 0.0, 0.7551659648092062, 0.0, 0.0, 0.0], "joint1_joint_acc": [0.0, 0.0, 0.9480853923385393, 0.0, 0.0, 0.0], "arm2_link_pos": [0.7948931007489876, 2.3992609334500963, 0.0], "arm2_link_rot": [0.16742919498896144, -0.9858841030594562, 0.0, 0.9858841030594562, 0.16742919498896147, 0.0, 0.0, 0.0, 1.0], "arm2_link_vel": [0.0, 0.0, 1.0744605953891315, -0.3296214578894474, 1.0158252621938841, 0.0], "arm2_link_acc": [0.0, 0.0, 1.937881380088914, -0.08948106835726022, 1.3805807081617911, 0.0], "joint2_joint_pos": [0.0, 0.0, 0.0], "joint2_joint_rot": [0.8908284951793748, -0.45433973211293177, 0.0, 0.45433973211293177, 0.8908284951793748, 0.0, 0.0, 0.0, 1.0], "joint2_joint_vel": [0.0, 0.0, 0.31929463057992546, 0.0, 0.0, 0.0], "joint2_joint_acc": [0.0, 0.0, 0.9897959877503749, 0.0, 0.0, 0.0], "arm3_link_pos": [-0.023561807321507144, 3.552574231498514, 0.0], "arm3_link_rot": [-0.683304693125299, -0.7301333414883484, 0.0, 0.7301333414883484, -0.6833046931252988, 0.0, 0.0, 0.0, 1.0], "arm3_link_vel": [0.0, 0.0, 1.168739273876491, 0.8136069547947915, 2.383020163964229, 0.0], "arm3_link_acc": [0.0, 0.0, 2.526278688942368, 1.6384389161606543, 3.5459508198614373, 0.0], "joint3_joint_pos": [0.0, 0.0, 0.0], "joint3_joint_rot": [0.6054216997848958, -0.7959048720981469, 0.0, 0.7959048720981469, 0.6054216997848958, 0.0, 0.0, 0.0, 1.0], "joint3_joint_vel": [0.0, 0.0, 0.09427867848735949, 0.0, 0.0, 0.0], "joint3_joint_acc": [0.0, 0.0, 0.5883973088534541, 0.0, 0.0, 0.0], "end_link_pos": [-1.4369998419351544, 3.5994028798615636, 0.0], "end_link_rot": [-0.9744520687251675, -0.2245955604130269, 0.0, 0.22459556041302697, -0.9744520687251673, 0.0, 0.0, 0.0, 1.0], "end_link_vel": [0.0, 0.0, 2.0668446336994033, 1.6872267348433352, 3.145533343262613, 0.0], "end_link_acc": [0.0, 0.0, 2.731061178366683, 5.476643618337079, 4.019051192421857, 0.0], "joint4_joint_pos": [0.0, 0.0, 0.0], "joint4_joint_rot": [0.8298323787933747, -0.5580127445732123, 0.0, 0.5580127445732123, 0.8298323787933747, 0.0, 0.0, 0.0, 1.0], "joint4_joint_vel": [0.0, 0.0, 0.8981053598229123, 0.0, 0.0, 0.0], "joint4_joint_acc": [0.0, 0.0, 0.20478248942431498, 0.0, 0.0, 0.0]}
